894287
8.43181821E+10
72
2.54248689E+10
903
10818
308180
5602
4.81094604E+11
19447097
160202
13729887
13113
4
4.31470079E+11
9.92490959E+12
1978887
77
1.87838155E+12
6.42553151E+10
24519152
9.35565041E+9
1.61649107E+11
227529719
22
137657
54744384
999830
72818
235443668
16
1424
3649314
2.67246208E+10
1.75402800E+12
3255
1905
111
5
241584
10501630
5984
1588
137601651
9.58856747E+11
1.29684605E+11
6.37563841E+12
3.58060712E+12
182
5.87410425E+10
67
619
914
132505
1.58382286E+12
1.53893854E+12
210789
1.73720393E+10
20876341
9
3.42631840E+10
1825050
154
2.02219571E+11
324
2.16585524E+9
1.59562871E+10
532
7433958
2.96030812E+9
1312144
81
311952208
177378227
7603
7308306
58
118627130
29508
432472381
1.01594791E+9
417370644
307462
492772577
2.67176914E+10
3156503
24509
130982203
5706423
1.86717223E+9
9.04578831E+9
6220983
3.51577451E+9
88217
1.59006200E+10
9.71509659E+9
579978
56762
5.89326280E+9
255526482
29020513
4387298
1019368
785152
1.00627202E+12
201
8.23094661E+10
